# '제주탑동광장056'
world_points = np.array([
    [0, 0, 0], [1, 0, 0], [9, 0, 0], [10, 0, 0], [10, 1, 0], 
    [10, 5, 0], [10, 6, 0], [9, 6, 0], [4, 6, 0], [3, 6, 0], 
    [3, 5, 0], [0, 1, 0], [3.5, 5.5, 1.7], [4.5, 5.25, 1.7], 
    [6.75, 5.75, 1.7]
], dtype=np.float32)
world_points *= SCALE

image_points = np.array([
    [79, 418], [163, 405], [636, 335], [675, 327], [703, 341], 
    [905, 441], [968, 475], [924, 492], [531, 637], [409, 683], 
    [384, 604], [65, 447], [460, 470], [545, 425], [796, 400]
], dtype=np.float32)

# '신산공원016'
world_points = np.array([
    [2, 4, 0.2], [9, 4, 0.2], [2, 5.2, 0.2], [9, 5.2, 0.2], [5.5, 4, 0.2], 
    [5.5, 5.2, 0.2], [5, 5.2, 1.7], [7.25, 4, 0.2], [7.25, 5.2, 0.2], [5, 5.2, 0.7]
], dtype=np.float32)
world_points *= SCALE

image_points = np.array([
    [317, 374], [1059, 522], [210, 415], [1092, 672], [586, 443], 
    [474, 528], [394, 288], [792, 486], [732, 599], [410, 427]
], dtype=np.float32)

# '외도초등학교114'
world_points = np.array([
    [0,0,0], [10, 0, 0], [10,2,0], [2,2,0], [2,4,0], 
    [0,4,0], [2,0,0], [6,0,0], [6,2,1.6], [1.5,1.8,1.6]
], dtype=np.float32)
world_points *= SCALE

image_points = np.array([
    [304, 196], [994, 188], [1087, 304], [389, 320], [336, 476], 
    [140, 478], [439, 185], [733, 176], [780, 163], [333, 166]
], dtype=np.float32)

# '일도체육공원143'
world_points = np.array([
    [0,0,0], [0.9, 0, 0], [5.05,0,0], [9.95,0,0], [14.1,0,0], 
    [15,0,0], [0,5.8,0], [5.05,5.8,0], [9.95,5.8,0], [15,5.8,0],
    [7.5,0,3.05], [7.5,0,1.525], [7.5,5.8,0], [6, 9, 1.8], [5.2, 5.8, 1.6]
], dtype=np.float32)
world_points *= SCALE

image_points = np.array([
    [274, 307], [304, 307], [465, 304], [672, 302], [840, 302], 
    [877, 302], [113, 416], [392, 409], [711, 404], [1006, 397], 
    [564, 171], [564, 229], [547, 406], [420, 409], [517, 298]
], dtype=np.float32)

# 01
world_points = np.array([
    [3,0,0], [9, 0, 0], [9, 12, 0], [3,12,0], [12,7.2,0], 
    [0,7.2,0], [6,7.2,0], [6,12,0], [1.5,10,1.6], [1,6.5,1.5],
    [3,0,3.4], [6,0,3.435]
], dtype=np.float32)
world_points *= SCALE

image_points = np.array([
    [183, 330], [440, 288], [1098, 360], [1038, 531], [786, 295], 
    [121, 500], [617, 351], [1076, 422], [577, 304], [230, 285], 
    [171, 160], [304, 163]
], dtype=np.float32)

# 02
world_points = np.array([
    [3,0,0], [9, 0, 0], [9, 12, 0], [3,12,0], [12,7.2,0], 
    [0,7.2,0], [6,7.2,0], [6,12,0], [0.5,8,1.7], [3,8.5,1.7],
    [11,8.2,1.7], [3,0,3.435]
], dtype=np.float32)
world_points *= SCALE

image_points = np.array([
    [272, 497], [661, 434], [1646, 539], [1557, 792], [1183, 447], 
    [211, 742], [927, 521], [1614, 633], [414, 438], [915, 379], 
    [1243, 334], [248, 240]
], dtype=np.float32)

# 03
world_points = np.array([
    [0,0,0],[7,0,0],[14,0,0],[7,0,0],[7,7,0],
    [14,7,0],[0,0,1.7],[7,0,1.7],[14,0,1.7],[7,0,1.7],
    [7,7,1.7],[14,7,1.7]
], dtype=np.float32)
world_points *= SCALE

image_points = np.array([
    [23, 27], [305, 32], [582, 30], [30, 339], [309, 336], 
    [579, 340], [24, 28], [303, 34], [581, 35], [32, 335], 
    [312, 334], [579, 334]
], dtype=np.float32)

# 04
# 0.88 9.38
world_points = np.array([
    [0,0,0],[5.28,0,0],[10.56,0,0],[0.88,9.38,0],[5.28,9.38,0],
    [10.56,9.38,0],[1.50,5.16,1.7],[5.28,5.16,1.7],[7.04,5.16,1.7],[7.34,7.97,1.7],
    [4.14,6.57,1.7],[9.68,7.00,1.7],[10,6.5,1.7],[4.4,1.88,1.7],[3.26,8.44,1.7]
], dtype=np.float32)
world_points *= SCALE

image_points = np.array([
    [96, 23], [579, 17], [1054, 15], [96, 711], [574, 695], 
    [1131, 691], [204, 291], [576, 283], [761, 286], [794, 462], 
    [473, 374], [1033, 409], [1052, 353], [494, 26], [366, 531]
], dtype=np.float32)